1 1 1
10 10 7
1 10 20
10 1 20
100 100 26
200 200 27
100 200 125
200 100 125
201 201 19
210 210 40
201 210 89
210 201 89
900 900 55
1000 1000 112
900 1000 174
1000 900 174
999998 999998 259
999999 999999 259
999998 999999 259
999999 999998 259
1 999999 525
999999 1 525
9 9 20
9 999999 525
999999 9 525
13 13 10
37 37 22
13 37 112
37 13 112
2 2 2
1 2 2
2 1 2
3 3 8
1 3 8
3 1 8
100000 100000 129
200000 200000 130
100000 200000 383
200000 100000 383
246 246 48
369 369 20
246 369 144
369 246 144
30 30 19
10 30 112
30 10 112
3000 3000 49
1000 3000 217
3000 1000 217
10000 10000 30
30000 30000 179
10000 30000 308
30000 10000 308
51 51 25
491 491 142
51 491 144
491 51 144
1513 1513 66
15231 15231 59
1513 15231 276
15231 1513 276
513046 513046 188
857210 857210 127
513046 857210 525
857210 513046 525
123456 123456 62
654321 654321 186
123456 654321 509
654321 123456 509
100000 999998 525
999998 100000 525
42 42 9
69 69 15
42 69 113
69 42 113
420 420 41
690 690 127
420 690 145
690 420 145
17 17 13
97 97 119
17 97 119
97 17 119
10 100000 351
100000 10 351
53 53 12
59 59 33
53 59 113
59 53 113
3 13 20
13 3 20
5 150 122
150 5 122
7 1700 182
1700 7 182
9 19000 279
19000 9 279
6 111000 354
111000 6 354
12 120 119
120 12 119
14 14000 276
14000 14 276
16 160000 383
160000 16 383
135 1350 182
1350 135 182
246 24600 282
24600 246 282
357 357000 443
357000 357 443
1234 23456 279
23456 1234 279
2345 345678 443
345678 2345 443
13579 246800 443
246800 13579 443
